b,root,0,0,0,0,0.93368,-0.672149
b,spine05,0,0.93368,-0.672149,0,1.03689,0.0305
b,spine04,0,1.03689,0.0305,0,1.91389,-0.288417
b,spine03,0,1.91389,-0.288417,0,2.62061,-0.198784
b,spine02,0,2.62061,-0.198784,0,3.2249,-0.285467
b,breast.L,0,3.2249,-0.285467,0,4.58022,-0.5015
b,End0,0,4.58022,-0.5015,1.0039,4.56164,1.42918
b,breast.R,0,3.2249,-0.285467,0,4.58022,-0.5015
b,End1,0,4.58022,-0.5015,-1.0039,4.56164,1.42918
b,spine01,0,3.2249,-0.285467,0,4.58022,-0.5015
b,__clavicle.L,0,4.58022,-0.5015,0,6.65375,0.115467
b,clavicle.L,0,6.65375,0.115467,0.227632,5.90898,0.2235
b,shoulder01.L,0.227632,5.90898,0.2235,1.07765,6.04729,0.221825
b,upperarm01.L,1.07765,6.04729,0.221825,1.8411,5.61023,0.178373
b,upperarm02.L,1.8411,5.61023,0.178373,2.23236,5.10113,0.157781
b,lowerarm01.L,2.23236,5.10113,0.157781,3.50396,3.70991,0.156366
b,__lowerarm02.L,3.50396,3.70991,0.156366,4.17805,3.06437,1.11873
b,lowerarm02.L,4.17805,3.06437,1.11873,4.17805,3.06437,1.11873
b,wrist.L,4.17805,3.06437,1.11873,4.85214,2.41883,2.08109
b,__finger1-1.L,4.85214,2.41883,2.08109,4.96935,2.25707,2.37584
b,finger1-1.L,4.96935,2.25707,2.37584,4.86441,2.35304,2.56603
b,finger1-2.L,4.86441,2.35304,2.56603,4.63712,2.26786,2.79773
b,finger1-3.L,4.63712,2.26786,2.79773,4.50149,2.12927,3.14423
b,End2,4.50149,2.12927,3.14423,4.44189,1.94982,3.37978
b,metacarpal1.L,4.85214,2.41883,2.08109,4.96935,2.25707,2.37584
b,finger2-1.L,4.96935,2.25707,2.37584,5.15269,2.01453,3.12868
b,finger2-2.L,5.15269,2.01453,3.12868,5.18876,1.85846,3.36092
b,finger2-3.L,5.18876,1.85846,3.36092,5.18305,1.68734,3.54697
b,End3,5.18305,1.68734,3.54697,5.14534,1.47773,3.7453
b,metacarpal2.L,4.85214,2.41883,2.08109,4.96935,2.25707,2.37584
b,finger3-1.L,4.96935,2.25707,2.37584,5.33184,1.88741,2.94194
b,finger3-2.L,5.33184,1.88741,2.94194,5.41038,1.6135,3.17449
b,finger3-3.L,5.41038,1.6135,3.17449,5.43964,1.38774,3.36881
b,End4,5.43964,1.38774,3.36881,5.43748,1.14921,3.53898
b,__metacarpal3.L,4.85214,2.41883,2.08109,4.96935,2.25707,2.37584
b,metacarpal3.L,4.96935,2.25707,2.37584,5.09623,2.08693,2.26877
b,finger4-1.L,5.09623,2.08693,2.26877,5.41509,1.79867,2.75698
b,finger4-2.L,5.41509,1.79867,2.75698,5.51628,1.53761,2.91982
b,finger4-3.L,5.51628,1.53761,2.91982,5.56357,1.31519,3.06658
b,End5,5.56357,1.31519,3.06658,5.58832,1.05741,3.19678
b,__metacarpal4.L,4.85214,2.41883,2.08109,4.96935,2.25707,2.37584
b,metacarpal4.L,4.96935,2.25707,2.37584,5.09623,2.08693,2.26877
b,finger5-1.L,5.09623,2.08693,2.26877,5.43007,1.69519,2.54748
b,finger5-2.L,5.43007,1.69519,2.54748,5.49466,1.49125,2.63761
b,finger5-3.L,5.49466,1.49125,2.63761,5.51338,1.33641,2.70528
b,End6,5.51338,1.33641,2.70528,5.54108,1.13879,2.7882
b,__clavicle.R,0,4.58022,-0.5015,0,6.65375,0.115467
b,clavicle.R,0,6.65375,0.115467,-0.227632,5.90898,0.2235
b,shoulder01.R,-0.227632,5.90898,0.2235,-1.07765,6.04729,0.221825
b,upperarm01.R,-1.07765,6.04729,0.221825,-1.8411,5.61023,0.178373
b,upperarm02.R,-1.8411,5.61023,0.178373,-2.23236,5.10113,0.157781
b,lowerarm01.R,-2.23236,5.10113,0.157781,-3.50396,3.70991,0.156366
b,__lowerarm02.R,-3.50396,3.70991,0.156366,-4.17805,3.06437,1.11873
b,lowerarm02.R,-4.17805,3.06437,1.11873,-4.17805,3.06437,1.11873
b,wrist.R,-4.17805,3.06437,1.11873,-4.85214,2.41883,2.08109
b,__finger1-1.R,-4.85214,2.41883,2.08109,-4.96935,2.25707,2.37584
b,finger1-1.R,-4.96935,2.25707,2.37584,-4.86441,2.35304,2.56603
b,finger1-2.R,-4.86441,2.35304,2.56603,-4.63712,2.26786,2.79773
b,finger1-3.R,-4.63712,2.26786,2.79773,-4.50149,2.12927,3.14423
b,End7,-4.50149,2.12927,3.14423,-4.44189,1.94982,3.37978
b,metacarpal1.R,-4.85214,2.41883,2.08109,-4.96935,2.25707,2.37584
b,finger2-1.R,-4.96935,2.25707,2.37584,-5.15269,2.01453,3.12868
b,finger2-2.R,-5.15269,2.01453,3.12868,-5.18876,1.85846,3.36092
b,finger2-3.R,-5.18876,1.85846,3.36092,-5.18305,1.68734,3.54697
b,End8,-5.18305,1.68734,3.54697,-5.14534,1.47773,3.7453
b,metacarpal2.R,-4.85214,2.41883,2.08109,-4.96935,2.25707,2.37584
b,finger3-1.R,-4.96935,2.25707,2.37584,-5.33184,1.88741,2.94194
b,finger3-2.R,-5.33184,1.88741,2.94194,-5.41038,1.6135,3.17449
b,finger3-3.R,-5.41038,1.6135,3.17449,-5.43964,1.38774,3.36881
b,End9,-5.43964,1.38774,3.36881,-5.43748,1.14921,3.53898
b,__metacarpal3.R,-4.85214,2.41883,2.08109,-4.96935,2.25707,2.37584
b,metacarpal3.R,-4.96935,2.25707,2.37584,-5.09623,2.08693,2.26877
b,finger4-1.R,-5.09623,2.08693,2.26877,-5.41509,1.79867,2.75698
b,finger4-2.R,-5.41509,1.79867,2.75698,-5.51628,1.53761,2.91982
b,finger4-3.R,-5.51628,1.53761,2.91982,-5.56357,1.31519,3.06658
b,End10,-5.56357,1.31519,3.06658,-5.58832,1.05741,3.19678
b,__metacarpal4.R,-4.85214,2.41883,2.08109,-4.96935,2.25707,2.37584
b,metacarpal4.R,-4.96935,2.25707,2.37584,-5.09623,2.08693,2.26877
b,finger5-1.R,-5.09623,2.08693,2.26877,-5.43007,1.69519,2.54748
b,finger5-2.R,-5.43007,1.69519,2.54748,-5.49466,1.49125,2.63761
b,finger5-3.R,-5.49466,1.49125,2.63761,-5.51338,1.33641,2.70528
b,End11,-5.51338,1.33641,2.70528,-5.54108,1.13879,2.7882
b,neck01,0,4.58022,-0.5015,0,6.65375,0.115467
b,neck02,0,6.65375,0.115467,0,6.91687,0.047121
b,neck03,0,6.91687,0.047121,0,7.38181,0.064196
b,head,0,7.38181,0.064196,0,7.62012,0.476166
b,__jaw,0,7.62012,0.476166,0,9.17793,0.410949
b,jaw,0,9.17793,0.410949,0,7.70142,0.587449
b,special04,0,7.70142,0.587449,0,6.8375,1.16193
b,oris02,0,6.8375,1.16193,0,7.04183,1.40418
b,oris01,0,7.04183,1.40418,0,7.14897,1.50586
b,End12,0,7.14897,1.50586,0,7.29517,1.56153
b,oris06.L,0,6.8375,1.16193,0,7.04183,1.40418
b,oris07.L,0,7.04183,1.40418,0.127567,7.08983,1.46756
b,End13,0.127567,7.08983,1.46756,0.177834,7.2249,1.4998
b,oris06.R,0,6.8375,1.16193,0,7.04183,1.40418
b,oris07.R,0,7.04183,1.40418,-0.127567,7.08983,1.46756
b,End14,-0.127567,7.08983,1.46756,-0.177834,7.2249,1.4998
b,tongue00,0,7.70142,0.587449,0,6.8375,1.16193
b,tongue01,0,6.8375,1.16193,0,7.31617,0.750465
b,tongue02,0,7.31617,0.750465,0,7.34958,1.04462
b,tongue03,0,7.34958,1.04462,0,7.34493,1.25055
b,__tongue04,0,7.34493,1.25055,0,7.29811,1.33297
b,tongue04,0,7.29811,1.33297,0,7.29811,1.33297
b,End15,0,7.29811,1.33297,0,7.25128,1.41538
b,tongue07.L,0,7.34493,1.25055,0,7.29811,1.33297
b,End16,0,7.29811,1.33297,0.1166,7.26217,1.33613
b,tongue07.R,0,7.34493,1.25055,0,7.29811,1.33297
b,End17,0,7.29811,1.33297,-0.1166,7.26217,1.33613
b,tongue06.L,0,7.34958,1.04462,0,7.34493,1.25055
b,End18,0,7.34493,1.25055,0.1652,7.29353,1.22896
b,tongue06.R,0,7.34958,1.04462,0,7.34493,1.25055
b,End19,0,7.34493,1.25055,-0.1652,7.29353,1.22896
b,tongue05.L,0,7.31617,0.750465,0,7.34958,1.04462
b,End20,0,7.34958,1.04462,0.198,7.30897,1.06743
b,tongue05.R,0,7.31617,0.750465,0,7.34958,1.04462
b,End21,0,7.34958,1.04462,-0.198,7.30897,1.06743
b,__levator02.L,0,7.62012,0.476166,0,9.17793,0.410949
b,levator02.L,0,9.17793,0.410949,0.029033,7.823,1.56403
b,levator03.L,0.029033,7.823,1.56403,0.2024,7.71996,1.44046
b,levator04.L,0.2024,7.71996,1.44046,0.268167,7.51777,1.44207
b,levator05.L,0.268167,7.51777,1.44207,0.286367,7.32626,1.43983
b,End22,0.286367,7.32626,1.43983,0.256834,7.23906,1.44477
b,__levator02.R,0,7.62012,0.476166,0,9.17793,0.410949
b,levator02.R,0,9.17793,0.410949,-0.029033,7.823,1.56403
b,levator03.R,-0.029033,7.823,1.56403,-0.2024,7.71996,1.44046
b,levator04.R,-0.2024,7.71996,1.44046,-0.268167,7.51777,1.44207
b,levator05.R,-0.268167,7.51777,1.44207,-0.286367,7.32626,1.43983
b,End23,-0.286367,7.32626,1.43983,-0.256834,7.23906,1.44477
b,__special01,0,7.62012,0.476166,0,9.17793,0.410949
b,special01,0,9.17793,0.410949,0,7.64937,-0.327634
b,oris04.L,0,7.64937,-0.327634,0,7.51207,1.56703
b,oris03.L,0,7.51207,1.56703,0.140767,7.43923,1.5443
b,End24,0.140767,7.43923,1.5443,0.170367,7.37567,1.54217
b,oris04.R,0,7.64937,-0.327634,0,7.51207,1.56703
b,oris03.R,0,7.51207,1.56703,-0.140767,7.43923,1.5443
b,End25,-0.140767,7.43923,1.5443,-0.170367,7.37567,1.54217
b,oris06,0,7.64937,-0.327634,0,7.51207,1.56703
b,oris05,0,7.51207,1.56703,0,7.44787,1.5715
b,End26,0,7.44787,1.5715,0,7.37927,1.60957
b,__special03,0,7.62012,0.476166,0,9.17793,0.410949
b,special03,0,9.17793,0.410949,0,7.70142,0.587449
b,__levator06.L,0,7.70142,0.587449,0,7.67223,1.6672
b,levator06.L,0,7.67223,1.6672,0.058233,7.6107,1.6564
b,End27,0.058233,7.6107,1.6564,0.172666,7.67223,1.46577
b,__levator06.R,0,7.70142,0.587449,0,7.67223,1.6672
b,levator06.R,0,7.67223,1.6672,-0.058233,7.6107,1.6564
b,End28,-0.058233,7.6107,1.6564,-0.172666,7.67223,1.46577
b,special06.L,0,7.62012,0.476166,0,9.17793,0.410949
b,special05.L,0,9.17793,0.410949,0.190033,8.97983,1.035
b,eye.L,0.190033,8.97983,1.035,0.293583,8.03286,1.26385
b,End29,0.293583,8.03286,1.26385,0.316141,7.97803,1.64052
b,orbicularis03.L,0.190033,8.97983,1.035,0.293583,8.03286,1.26385
b,End30,0.293583,8.03286,1.26385,0.315416,8.09797,1.62365
b,orbicularis04.L,0.190033,8.97983,1.035,0.293583,8.03286,1.26385
b,End31,0.293583,8.03286,1.26385,0.316341,7.86613,1.61025
b,special06.R,0,7.62012,0.476166,0,9.17793,0.410949
b,special05.R,0,9.17793,0.410949,-0.190033,8.97983,1.035
b,eye.R,-0.190033,8.97983,1.035,-0.293583,8.03286,1.26385
b,End32,-0.293583,8.03286,1.26385,-0.316141,7.97803,1.64052
b,orbicularis03.R,-0.190033,8.97983,1.035,-0.293583,8.03286,1.26385
b,End33,-0.293583,8.03286,1.26385,-0.315416,8.09797,1.62365
b,orbicularis04.R,-0.190033,8.97983,1.035,-0.293583,8.03286,1.26385
b,End34,-0.293583,8.03286,1.26385,-0.316341,7.86613,1.61025
b,__temporalis01.L,0,7.62012,0.476166,0,9.17793,0.410949
b,temporalis01.L,0,9.17793,0.410949,0.624867,8.10543,1.10153
b,oculi02.L,0.624867,8.10543,1.10153,0.536767,8.0921,1.30077
b,oculi01.L,0.536767,8.0921,1.30077,0.332967,8.2386,1.4772
b,End35,0.332967,8.2386,1.4772,0.156034,8.24617,1.51703
b,__temporalis01.R,0,7.62012,0.476166,0,9.17793,0.410949
b,temporalis01.R,0,9.17793,0.410949,-0.624867,8.10543,1.10153
b,oculi02.R,-0.624867,8.10543,1.10153,-0.536767,8.0921,1.30077
b,oculi01.R,-0.536767,8.0921,1.30077,-0.332967,8.2386,1.4772
b,End36,-0.332967,8.2386,1.4772,-0.156034,8.24617,1.51703
b,__temporalis02.L,0,7.62012,0.476166,0,9.17793,0.410949
b,temporalis02.L,0,9.17793,0.410949,0.640567,7.87637,1.07103
b,risorius02.L,0.640567,7.87637,1.07103,0.5353,7.93077,1.26867
b,risorius03.L,0.5353,7.93077,1.26867,0.4894,7.6322,1.32703
b,End37,0.4894,7.6322,1.32703,0.5338,7.41943,1.15893
b,__temporalis02.R,0,7.62012,0.476166,0,9.17793,0.410949
b,temporalis02.R,0,9.17793,0.410949,-0.640567,7.87637,1.07103
b,risorius02.R,-0.640567,7.87637,1.07103,-0.5353,7.93077,1.26867
b,risorius03.R,-0.5353,7.93077,1.26867,-0.4894,7.6322,1.32703
b,End38,-0.4894,7.6322,1.32703,-0.5338,7.41943,1.15893
b,pelvis.L,0,0.93368,-0.672149,0,1.03689,0.0305
b,upperleg01.L,0,1.03689,0.0305,1.09485,0.989518,-0.0763
b,upperleg02.L,1.09485,0.989518,-0.0763,1.02298,0.185267,0.176059
b,lowerleg01.L,1.02298,0.185267,0.176059,1.51311,-3.1525,0.268834
b,__lowerleg02.L,1.51311,-3.1525,0.268834,1.74536,-5.31205,0.210472
b,lowerleg02.L,1.74536,-5.31205,0.210472,1.74536,-5.31205,0.210472
b,foot.L,1.74536,-5.31205,0.210472,1.97762,-7.4716,0.15211
b,toe1-1.L,1.97762,-7.4716,0.15211,2.01839,-8.10383,1.40716
b,End39,2.01839,-8.10383,1.40716,2.01189,-8.06652,2.22737
b,pelvis.R,0,0.93368,-0.672149,0,1.03689,0.0305
b,upperleg01.R,0,1.03689,0.0305,-1.09485,0.989518,-0.0763
b,upperleg02.R,-1.09485,0.989518,-0.0763,-1.02298,0.185267,0.176059
b,lowerleg01.R,-1.02298,0.185267,0.176059,-1.51311,-3.1525,0.268834
b,__lowerleg02.R,-1.51311,-3.1525,0.268834,-1.74536,-5.31205,0.210472
b,lowerleg02.R,-1.74536,-5.31205,0.210472,-1.74536,-5.31205,0.210472
b,foot.R,-1.74536,-5.31205,0.210472,-1.97762,-7.4716,0.15211
b,toe1-1.R,-1.97762,-7.4716,0.15211,-2.01839,-8.10383,1.40716
b,End40,-2.01839,-8.10383,1.40716,-2.01189,-8.06652,2.22737
